-,-,-
118, 10, 1009
118, 10, 1009
96, 41, 887
85, -9, 915
90, 30, 1051
90, 30, 1051
53, 5, 1136
15, 211, 1069
90, 65, 975
90, 65, 975
27, 7, 929
64, 35, 976
64, 35, 976
97, 8, 981
73, 26, 1045
99, 0, 1048
99, 0, 1048
112, 7, 929
62, 45, 1063
26, -6, 1000
26, -6, 1000
29, -3, 1003
-4, 4, 998
15, -11, 1000
15, -11, 1000
17, -11, 1000
16, -6, 998
18, -13, 1003
19, -10, 998
19, -10, 998
12, -12, 999
19, -10, 1001
13, -11, 998
15, -11, 1001
15, -11, 1001
16, -9, 1002
18, -11, 998
16, -11, 999
16, -11, 999
16, -11, 1000
17, -10, 1000
17, -10, 998
16, -11, 1001
15, -11, 1000
15, -11, 1000
16, -9, 1001
18, -11, 1000
18, -11, 999
17, -10, 1000
17, -10, 1000
17, -10, 1000
17, -10, 1000
18, -10, 999
18, -10, 1001
18, -10, 1001
16, -12, 999
17, -11, 999
16, -11, 1001
17, -12, 998
17, -12, 998
31, -71, 999
120, -85, 1002
119, -82, 1000
114, -69, 993
114, -43, 1023
114, -43, 1023
81, 114, 942
67, -28, 1017
9, -13, 1002
-11, 36, 995
49, 53, 1003
49, 53, 1003
-221, 7, 1007
-41, 44, 1007
-150, -36, 979
-45, -62, 1019
-45, -62, 1019
-234, 36, 987
-185, 40, 1008
-165, -8, 991
-124, 5, 994
-143, 31, 1008
-74, 4, 1002
-74, 4, 1002
-25, -31, 983
12, -49, 1013
45, -7, 997
45, -7, 994
83, -47, 994
106, -42, 995
99, -15, 1009
152, -40, 999
152, -40, 999
136, 35, 1001
158, -3, 991
206, -74, 1000
203, -32, 999
81, 5, 994
81, 5, 994
174, -61, 1007
125, -19, 989
144, -55, 1010
132, -41, 988
132, -41, 988
107, -32, 1010
52, -9, 983
42, -8, 1010
17, 75, 996
17, 75, 996
-5, 57, 991
0, -26, 1002
3, -31, 990
3, -31, 990
-8, -9, 1017
-42, 32, 997
-42, 32, 997
-80, 107, 912
-18, -82, 1007
22, -31, 986
-9, -44, 1012
-2, -40, 992
-2, -40, 992
9, -15, 1015
15, -39, 995
20, -23, 994
20, -23, 994
19, -14, 1008
1, -68, 997
20, -80, 997
19, -47, 987
19, -47, 987
-4, -31, 1013
34, -61, 999
45, -131, 993
51, -139, 998
51, -139, 998
45, -109, 1007
49, -63, 994
56, 8, 1009
48, -144, 990
48, -144, 990
68, -256, 994
58, -130, 1008
45, 4, 987
11, 121, 1010
11, 121, 1010
0, 119, 998
-22, 59, 995
28, 3, 1002
28, 3, 1002
11, 31, 1003
1, 47, 972
-40, 96, 1031
-40, 96, 1031
-40, 90, 1005
-28, -4, 992
8, -11, 980
-92, 40, 1022
-92, 40, 1022
-50, 18, 993
-59, 70, 996
-33, -18, 999
-8, -124, 1007
-58, -86, 998
-58, -86, 998
-84, 27, 996
-82, 72, 1001
-60, 84, 998
-47, -20, 1003
-47, -20, 1003
-54, -45, 994
-21, -44, 1000
-14, 41, 1001
-34, -1, 997
-10, -20, 1002
10, -31, 998
10, -31, 998
45, -27, 1004
45, -24, 1001
89, -37, 999
89, -37, 999
167, -130, 992
207, -170, 987
213, -110, 1002
146, -13, 1016
134, 85, 981
108, 67, 1013
108, 67, 1013
69, 54, 997
59, 36, 1029
105, -32, 999
128, -25, 944
128, -25, 944
79, -78, 1040
67, 8, 952
77, 73, 967
77, 73, 967
77, 6, 1001
40, 49, 977
17, 134, 1007
17, 134, 1007
32, 127, 1001
36, 108, 987
28, 41, 997
-2, -38, 990
-2, -38, 990
-13, 57, 1039
23, 110, 959
-18, 42, 1019
9, -38, 988
9, -38, 988
-29, -111, 984
-40, -30, 1017
-90, 28, 1013
-119, -68, 978
-155, -164, 985
-155, -164, 985
-215, -171, 1010
-280, -115, 1002
-226, -83, 1005
-390, -165, 1000
-327, -35, 1007
-318, -17, 980
-275, -34, 995
-239, -13, 1025
-211, -26, 985
-218, -91, 937
-200, -98, 1022
-173, -43, 987
-153, -1, 988
-153, -1, 988
-133, 43, 1020
-102, 23, 967
-25, -31, 1002
0, -78, 1003
38, -82, 983
38, -82, 983
46, -122, 1015
101, -89, 980
137, -11, 971
160, 130, 974
160, 130, 974
195, 122, 1017
268, 46, 1010
336, 111, 983
404, 124, 996
480, 90, 974
480, 90, 974
555, 34, 988
506, -6, 996
555, 66, 991
509, 56, 1016
509, 56, 1016
490, -5, 969
447, 0, 1018
350, 19, 990
278, -29, 1013
278, -29, 1013
254, -45, 966
169, -43, 966
136, -73, 956
87, 104, 1020
34, 121, 945
34, 121, 945
47, 11, 958
-7, -7, 976
-100, -74, 1022
-169, 27, 979
-169, 27, 979
-225, 97, 1017
-221, -60, 990
-249, -91, 991
-271, -126, 1006
-335, -92, 999
-423, 104, 988
-429, 77, 1004
-418, -112, 1013
-418, -112, 1005
-352, -152, 1005
-404, -81, 994
-396, 43, 1029
-364, 100, 999
-290, 56, 986
-185, 34, 1013
-208, -40, 971
-203, -83, 995
-172, -3, 1001
-121, 56, 981
-121, 56, 981
-111, -32, 972
-39, -125, 1024
-53, -154, 971
0, -46, 1018
58, 20, 977
58, 20, 977
126, -127, 987
124, -153, 1004
175, -89, 995
235, 109, 965
293, 141, 991
293, 141, 991
333, 45, 1007
388, -28, 985
459, -23, 988
504, 58, 1012
440, 120, 989
440, 120, 989
456, 30, 1011
387, -17, 993
385, -52, 976
333, -76, 997
241, 22, 986
241, 22, 986
181, 21, 1005
138, -10, 971
96, 58, 1013
96, 58, 1013
56, 65, 985
-192, 37, 988
-175, 102, 998
-267, 48, 1002
-,-,-
20, -8, 998
20, -8, 998
13, -10, 998
13, -10, 1000
16, -9, 999
16, -9, 999
16, -10, 998
15, -9, 999
15, -10, 998
15, -10, 998
15, -9, 1001
17, -9, 999
16, -9, 1000
16, -9, 1000
15, -9, 998
14, -10, 1000
16, -9, 1000
16, -10, 999
16, -10, 999
15, -10, 999
16, -9, 1000
15, -9, 998
15, -9, 998
16, -10, 1000
16, -8, 1000
15, -10, 997
15, -10, 997
15, -10, 999
16, -10, 1001
16, -9, 997
15, -9, 1000
15, -9, 1000
15, -10, 999
16, -9, 998
15, -8, 1001
15, -8, 1001
15, -9, 998
15, -10, 997
15, -9, 1001
15, -9, 1001
16, -9, 997
16, -10, 1000
15, -9, 999
15, -9, 999
15, -10, 996
16, -9, 1002
16, -10, 997
16, -10, 997
15, -10, 997
15, -9, 1001
16, -9, 998
15, -10, 998
-,-,-
15, -9, 1000
16, -9, 998
16, -9, 1000
16, -10, 999
16, -10, 999
15, -9, 998
16, -10, 999
17, -10, 1000
17, -10, 1000
15, -10, 997
16, -9, 1000
16, -10, 1000
15, -11, 997
15, -11, 997
15, -10, 1000
16, -9, 999
16, -10, 996
15, -9, 1000
15, -9, 1000
16, -11, 1000
16, -9, 1000
16, -9, 998
16, -9, 998
15, -9, 998
15, -9, 1000
16, -10, 999
16, -10, 999
15, -9, 999
17, -10, 1000
16, -10, 998
16, -10, 998
15, -10, 1000
16, -10, 999
16, -10, 999
16, -11, 999
16, -11, 999
15, -9, 998
15, -10, 998
17, -10, 999
17, -10, 999
16, -9, 999
15, -10, 998
16, -10, 999
16, -10, 999
16, -10, 999
15, -10, 999
16, -10, 999
15, -10, 999
15, -10, 999
15, -10, 999
16, -10, 998
15, -10, 999
15, -10, 999
15, -10, 998
15, -10, 998
16, -10, 998
17, -9, 999
17, -9, 999
16, -8, 999
-5, 205, 1003
-31, 283, 997
-31, 283, 997
-56, 179, 1014
-2, 77, 996
30, 32, 973
30, 32, 973
-41, 30, 999
-1, 151, 1019
-17, 80, 988
-33, -25, 1009
-33, -25, 1009
0, -108, 1010
7, -143, 981
10, -212, 1002
29, -258, 989
69, -283, 1010
51, -191, 991
51, -191, 991
39, -54, 996
28, -30, 999
18, 10, 999
18, 10, 999
27, 15, 997
38, 38, 997
16, 80, 1000
16, 80, 1000
-2, 109, 995
2, 52, 993
-1, 19, 1005
-1, 19, 1005
-37, 61, 1010
-67, 41, 999
-72, -6, 995
-78, 10, 994
-78, 10, 994
-91, -43, 997
-44, -64, 1001
-31, -93, 1015
-14, -95, 992
-8, -112, 990
-8, -112, 990
10, -72, 983
0, -54, 1021
-10, -80, 991
-39, -92, 1009
-39, -92, 1009
-10, -48, 983
25, -18, 1012
41, -70, 955
78, -82, 1031
58, -101, 991
58, -101, 991
36, -106, 970
40, -138, 996
57, -118, 995
59, -87, 1008
77, -84, 985
77, -84, 985
68, -57, 1016
72, -21, 994
75, -26, 986
75, -26, 986
67, -52, 1002
73, -46, 986
72, -33, 1017
98, -55, 989
98, -55, 989
98, -30, 1003
105, -54, 978
118, -61, 1012
121, -70, 988
105, -54, 1014
105, -54, 1014
113, -8, 1007
84, 38, 974
78, 65, 1003
76, 31, 1004
76, 31, 1004
79, 9, 998
87, 31, 1007
83, 111, 971
83, 111, 971
72, 142, 1008
55, 140, 1033
44, 84, 962
55, 11, 1017
55, 11, 1017
69, 119, 970
59, 133, 1010
37, 52, 1009
32, 46, 995
32, 46, 995
52, 39, 996
57, -18, 1015
57, -18, 1015
29, 30, 992
4, 57, 991
-5, 71, 1004
-5, 71, 1004
-14, 74, 988
-31, 33, 1015
-28, 18, 985
-30, 28, 1016
-30, 28, 1016
-60, 9, 987
-59, -20, 988
-75, -58, 1018
-72, -71, 993
-87, -33, 996
-87, -33, 996
-89, -56, 959
-92, -91, 1030
-78, -66, 972
-60, -44, 1007
-63, -14, 999
-63, -14, 999
-41, -22, 1001
-55, -52, 999
-25, -51, 997
-84, -82, 998
-42, 8, 999
-42, 8, 999
-53, 1, 996
-50, -51, 999
-63, -12, 1006
-60, -17, 1003
-60, -17, 1003
-65, 6, 994
-73, -29, 986
-81, -55, 1015
-72, -7, 1001
-86, 53, 989
-86, 53, 989
-74, 51, 1015
-96, 37, 989
-71, -14, 991
-103, 92, 1006
-103, 92, 1006
-41, 40, 997
13, -51, 1021
54, -100, 991
108, -155, 1000
68, -8, 979
68, -8, 979
85, 66, 1009
145, 60, 1002
181, -118, 988
170, -90, 1003
170, -90, 1003
168, -19, 1015
92, 40, 972
90, 40, 1005
115, 31, 999
77, -23, 1002
77, -23, 1002
96, -23, 1001
135, -1, 996
45, 4, 1001
45, 4, 1001
35, -14, 1002
4, 6, 999
30, -28, 1000
30, -28, 1000
14, -12, 1000
15, -7, 999
17, -10, 1002
15, -10, 1000
15, -10, 992
24, -17, 992
0, -8, 1009
20, -7, 1000
18, -10, 997
18, -10, 997
20, -7, 1004
15, -11, 996
16, -10, 1001
16, -10, 1001
16, -8, 1008
16, -10, 994
14, -10, 998
15, -11, 1003
15, -11, 1003
16, -9, 1000
16, -8, 1002
14, -10, 996
16, -11, 1001
16, -11, 1001
16, -10, 1000
14, -10, 998
16, -8, 1005
14, -8, 998
14, -8, 998
15, -11, 999
-38, -65, 1002
42, 18, 1002
42, 18, 1002
36, 7, 1000
26, 0, 1001
17, -8, 996
17, -8, 996
14, -8, 1003
32, 7, 998
8, -13, 1001
8, -13, 1001
1, 3, 1002
16, -9, 999
14, -13, 1002
14, -13, 1002
14, -5, 999
19, -14, 999
19, -23, 1001
19, -23, 1001
16, -12, 1000
16, -9, 1001
15, -9, 1000
16, -8, 999
16, -8, 999
9, 9, 1003
11, 5, 1001
17, -18, 1000
17, -18, 1000
7, -14, 1002
0, -17, 1002
-5, -30, 1000
-34, -48, 1002
-34, -48, 1002
-27, -48, 999
-16, -25, 993
4, -16, 1005
36, 6, 1000
36, 6, 1000
47, -3, 1002
40, 0, 995
34, 5, 1007
34, 5, 1007
39, 5, 1001
16, -6, 998
16, -6, 998
-5, -36, 999
-9, -30, 1006
-1, -15, 999
-2, 75, 1005
-2, 75, 1005
-27, 22, 1001
-52, -12, 994
-73, -38, 1011
-71, -22, 1008
-70, -35, 991
-70, -35, 991
-71, -56, 1026
-94, -41, 962
-59, -5, 1024
-39, 38, 984
-13, 49, 1012
-13, 49, 1012
-16, -4, 995
34, -10, 1003
36, -3, 998
66, -4, 995
66, -4, 995
88, 18, 1005
143, 31, 995
143, 31, 995
164, 0, 1011
228, -35, 1002
286, -92, 992
311, 11, 1003
411, -43, 998
411, -43, 998
441, -22, 1001
458, 0, 1007
424, -21, 981
376, 7, 1000
376, 7, 1000
404, 22, 981
333, -7, 1016
335, -8, 1012
193, -117, 964
114, -123, 1004
136, -36, 977
136, -36, 977
14, -88, 997
-112, -54, 995
-153, 37, 1004
-182, -81, 1008
-272, -84, 1003
-286, -9, 980
-286, -9, 980
-419, -140, 1022
-424, -169, 982
-523, -180, 1001
-416, -23, 1018
-404, 4, 988
-331, 86, 1008
-353, -26, 1007
-341, 17, 1001
-407, 23, 1003
-407, 23, 1003
-427, 26, 1002
-498, 36, 997
-488, 30, 1008
-425, 41, 1010
-362, 17, 984
-252, -29, 988
-189, -5, 985
-189, -5, 985
-179, 19, 1003
13, 21, 1032
18, -97, 948
35, -133, 983
35, -133, 983
175, -19, 1029
181, -39, 987
220, -119, 994
275, -143, 989
364, -156, 1006
484, 5, 967
484, 5, 967
552, 33, 984
659, -29, 1000
713, -46, 994
624, -105, 988
759, -7, 1018
759, -7, 1018
644, -39, 979
609, -23, 990
517, -15, 989
460, -20, 991
391, -48, 989
391, -48, 989
338, -35, 995
267, -10, 997
104, -137, 984
109, -102, 1009
43, -49, 976
43, -49, 976
19, -44, 972
-92, -48, 1010
-188, -161, 974
-244, -113, 996
-217, 26, 984
-324, 32, 997
-324, 32, 997
-413, -116, 1006
-465, -52, 999
-496, -30, 987
-543, 1, 980
-623, -64, 1019
-296, 46, 1012
-511, 5, 1000
-511, 5, 1000
-407, -46, 1019
-338, 31, 974
-311, -23, 1001
-229, -10, 993
-244, -67, 1009
-191, -51, 1004
-174, -26, 996
-162, 42, 985
-162, 42, 985
-87, -5, 1004
-91, -66, 971
-105, -72, 980
-38, -83, 1011
7, -66, 972
7, -66, 972
-25, -104, 978
64, -71, 997
75, -78, 991
148, -6, 985
148, -6, 985
192, -31, 1015
210, -23, 992
218, 0, 982
268, 3, 1015
268, 3, 1015
312, 1, 1001
365, -8, 975
374, 7, 999
374, 7, 999
412, 48, 1013
426, 12, 1004
364, 13, 923
364, 13, 923
439, -54, 1013
311, -56, 987
342, -95, 991
311, -106, 1011
252, -165, 992
248, -68, 995
248, -68, 995
239, 0, 991
260, 29, 997
207, 114, 996
99, -14, 991
99, -14, 991
32, 0, 1004
71, 68, 982
-22, 31, 999
-22, 31, 999
-70, 67, 983
-152, 27, 1003
-217, -84, 991
-286, -46, 1001
-293, -30, 1001
-336, -123, 1073
-257, 9, 1241
-257, 9, 1241
-236, 128, 1207
-199, 33, 1318
-140, 45, 890
-199, -115, 515
42, -56, 1279
94, -88, 1506
94, -88, 1506
170, -9, 1350
254, 52, 1361
324, 144, 1481
400, 200, 1733
441, 151, 1669
403, 121, 1476
403, 121, 1476
340, 104, 1467
304, 94, 1429
267, 70, 1407
233, 16, 1277
148, -48, 1135
38, -56, 1076
38, -56, 1076
-32, -78, 941
-90, -95, 745
-142, -124, 732
-181, -141, 721
-213, -181, 703
-254, -196, 583
-276, -172, 528
-265, -148, 631
-226, -113, 557
-220, -126, 552
-220, -126, 552
-211, -124, 464
-185, -42, 384
-168, -36, 362
-144, -70, 390
-127, -125, 454
-108, -151, 540
-74, -95, 616
-54, -142, 680
-30, -237, 842
-30, -237, 842
-7, -299, 988
-5, -285, 994
-2, -254, 991
-27, -252, 931
-80, -267, 800
-136, -246, 638
-155, -226, 498
-155, -226, 498
-142, -182, 449
-98, -127, 458
-112, -167, 274
-105, -175, 129
-49, -159, 334
44, -66, 653
158, -19, 852
220, 25, 886
220, 25, 886
242, 41, 945
284, 147, 1194
306, 113, 1318
332, 59, 1367
317, 117, 1124
317, 117, 1124
323, 37, 1230
354, -63, 1765
343, 36, 1997
291, 194, 1735
206, 194, 1367
154, 86, 1157
154, 86, 1157
132, -38, 1230
126, -41, 1302
123, -6, 1201
111, -4, 1157
92, -28, 1281
140, 43, 1567
140, 43, 1567
175, 220, 1784
180, 292, 1846
166, 260, 1806
146, 227, 1685
109, 175, 1566
84, 63, 1466
84, 63, 1466
40, -52, 1271
-6, -132, 1124
-28, -104, 1024
-46, -113, 905
-67, -118, 774
-85, -134, 655
-85, -134, 655
-101, -148, 578
-122, -138, 494
-138, -125, 380
-155, -136, 231
-168, -144, 114
-166, -126, 93
-164, -108, 75
-148, -85, 80
-119, -61, 121
-90, -35, 224
-90, -35, 224
-56, -59, 335
-26, -95, 480
2, -110, 664
27, -125, 835
27, -125, 835
54, -98, 919
61, -42, 1024
48, -118, 1108
17, -203, 1289
40, -136, 1520
64, 1, 1589
64, 1, 1589
94, 69, 1583
97, 100, 1446
94, 88, 1391
94, 88, 1391
136, 205, 1429
158, 226, 1439
184, 245, 1380
133, 139, 1175
87, 71, 1131
87, 71, 1131
117, 35, 1176
142, 41, 979
102, -32, 955
117, -33, 1007
117, -33, 1007
97, -51, 1054
92, -22, 1035
75, 34, 972
80, 26, 973
80, 26, 973
77, -16, 993
116, 4, 972
93, 17, 1010
93, 17, 1010
82, -40, 1050
88, -1, 1005
92, 16, 998
111, 117, 973
111, 117, 973
150, 192, 964
163, 245, 1007
128, 219, 1004
56, 47, 1047
-26, -153, 1130
-120, -268, 1041
-92, -183, 1035
-92, -183, 1035
-124, -211, 871
-170, -233, 973
-145, -170, 1018
-111, -198, 1000
-62, -159, 972
-33, -123, 948
50, -149, 1013
155, -106, 983
246, -152, 938
322, -56, 918
397, 48, 862
397, 48, 862
374, 120, 950
347, 200, 1012
285, 169, 1001
203, 146, 992
203, 146, 992
130, 195, 1004
34, 225, 991
-34, 233, 1007
-102, 250, 1008
-147, 217, 1000
-217, 171, 1024
-264, 99, 992
-286, 26, 990
-286, 26, 990
-314, -96, 1018
-289, -204, 980
-248, -278, 1012
-184, -325, 1013
-91, -316, 987
-16, -302, 1004
55, -281, 983
114, -262, 982
175, -214, 1012
219, -164, 1011
219, -164, 1011
274, -27, 986
314, 131, 999
311, 211, 1004
277, 194, 997
206, 182, 995
121, 168, 993
121, 168, 993
18, 125, 1012
-65, 69, 1007
-123, 3, 992
-188, -49, 1005
-212, -92, 1006
-11, -13, 1004
-11, -13, 1004
-116, 49, 999
-1, 9, 1004
24, -7, 998
33, -16, 1001
33, -16, 1001
58, -31, 998
58, -35, 1003
60, -35, 1000
22, -11, 1001
15, -11, 1000
15, -9, 1000
14, -8, 1002
14, -9, 1001
16, -9, 1000
16, -9, 1000
15, -8, 1000
15, -9, 1001
15, -9, 1000
15, -8, 1001
15, -8, 1001
16, -9, 1001
15, -9, 999
14, -9, 1000
14, -9, 1000
16, -9, 1002
16, -8, 1000
15, -8, 1000
15, -8, 1000
15, -9, 1002
14, -9, 1000
16, -9, 999
16, -9, 999
15, -8, 1000
15, -9, 1001
15, -9, 1000
15, -8, 1001
15, -8, 1001
15, -9, 1001
16, -9, 1001
15, -9, 1000
15, -9, 1000
14, -9, 1000
15, -9, 1002
15, -9, 1000
15, -9, 1000
15, -9, 1000
14, -8, 1001
15, -9, 999
15, -9, 999
15, -9, 999
14, -8, 1003
-,-,-
-11, -27, 986
6, -12, 994
6, -12, 994
4, -6, 1001
-7, -11, 996
27, -11, 1000
64, -12, 999
64, -12, 999
-,-,-
16, -12, 979
16, -12, 1002
16, -8, 1002
13, -15, 999
20, -4, 998
16, -10, 1000
16, -10, 1000
-,-,-
15, -10, 984
15, -10, 984
15, -10, 1004
17, -9, 999
15, -10, 998
15, -10, 998
15, -10, 1001
16, -10, 1002
16, -9, 1001
15, -10, 1001
15, -10, 1001
15, -10, 1001
15, -10, 1000
15, -10, 1000
16, -9, 999
16, -9, 999
15, -10, 999
15, -10, 999
15, -10, 999
15, -10, 999
15, -10, 1000
15, -10, 1000
8, -9, 1002
-16, -16, 998
-16, -16, 998
-20, -20, 1001
0, -18, 1002
-1, -16, 1002
3, -23, 999
3, -23, 999
20, -7, 999
39, 8, 999
55, 3, 1002
55, 3, 1002
24, -10, 1002
18, -13, 999
58, 2, 1001
58, 2, 1001
16, -9, 1000
15, -10, 1001
15, -9, 1001
15, -9, 1001
15, -10, 1000
16, -10, 999
16, -10, 1001
16, -9, 1002
16, -9, 1002
16, -9, 1000
18, -9, 1001
22, -7, 998
22, -7, 998
71, 15, 1000
55, 42, 999
71, 53, 1003
71, 53, 1003
76, 67, 1000
63, 52, 1006
34, 26, 1000
-10, -27, 1001
-10, -27, 1001
-60, -31, 1005
-67, -82, 997
-69, -75, 999
-54, -57, 1000
-40, -29, 1002
-20, -33, 995
-20, -33, 995
4, -32, 1005
27, -43, 1000
35, -34, 1001
70, -15, 1001
52, -5, 1000
52, -5, 1000
52, 7, 1002
17, -10, 1000
15, -9, 1001
15, -9, 1001
14, -9, 1002
15, -9, 1001
15, -9, 1000
15, -9, 1000
15, -10, 1002
13, -11, 1002
11, -12, 1000
20, -5, 1002
16, -9, 1002
16, -9, 1002
15, -9, 1001
15, -9, 1002
15, -9, 1001
15, -9, 1001
