-,-,-
7, -17, 982
24, 0, 1007
24, 0, 1007
15, -8, 1001
14, -7, 1001
15, -8, 999
15, -8, 999
16, -8, 1000
16, -8, 1000
16, -8, 1002
15, -8, 999
15, -8, 999
15, -9, 999
16, -8, 1000
16, -8, 1000
16, -8, 1001
16, -8, 1001
16, -8, 1000
16, -8, 1000
16, -8, 1000
15, -8, 1001
15, -8, 1000
16, -8, 1001
16, -8, 1001
15, -8, 1000
15, -8, 1000
16, -8, 1002
16, -8, 1002
16, -7, 1001
16, -9, 999
16, -8, 999
16, -8, 999
16, -9, 1001
16, -8, 1001
15, -8, 1000
15, -8, 1000
15, -8, 1000
16, -8, 1001
15, -8, 1000
15, -9, 999
15, -9, 999
15, -8, 1000
16, -8, 1001
15, -8, 1000
15, -8, 1000
16, -8, 1000
15, -8, 1000
15, -8, 1000
15, -8, 1000
16, -8, 1000
16, -8, 1001
16, -7, 1000
15, -8, 1001
15, -8, 1001
15, -8, 1002
16, -8, 999
16, -8, 1001
16, -8, 1001
16, -8, 1002
15, -8, 1001
15, -8, 1000
15, -8, 1000
15, -8, 1001
15, -8, 1001
15, -8, 1000
15, -8, 1001
15, -8, 1001
15, -8, 1001
15, -8, 1001
15, -8, 1001
15, -8, 1001
15, -8, 1001
14, -8, 1001
15, -8, 1001
15, -8, 1001
15, -7, 1001
-46, 57, 1002
53, 98, 999
46, 82, 1005
46, 82, 1005
42, 127, 999
60, 30, 1005
59, -5, 996
59, -5, 996
50, -7, 1009
61, 31, 998
89, 53, 999
89, 53, 999
88, 39, 998
77, -6, 998
77, -6, 998
58, -35, 1005
57, -32, 999
62, -16, 990
53, -13, 1013
53, -13, 1013
42, -52, 1004
41, -58, 998
49, -31, 993
19, -67, 1013
19, -67, 1013
-1, -74, 1004
31, -15, 994
39, 18, 1003
38, -15, 992
38, -15, 992
22, -35, 992
30, -18, 1011
10, -63, 1017
17, -70, 988
17, -70, 988
79, -63, 992
59, -56, 989
59, -65, 1032
58, -61, 981
58, -61, 981
47, -26, 1011
2, -83, 997
-2, -88, 986
-2, -88, 986
10, -62, 995
2, -52, 1003
-28, -66, 1020
-15, -56, 973
-15, -56, 973
-50, -67, 1018
-19, -71, 964
-25, -70, 1049
-15, -55, 983
-23, -39, 1005
-30, -48, 994
-30, -48, 994
-23, -53, 988
-21, -64, 1022
-6, -35, 980
-17, 0, 1001
-17, 0, 1001
-24, -8, 990
-50, -58, 1013
-35, -62, 991
-32, -62, 1005
-30, -5, 994
-30, -5, 994
-40, 0, 1021
-64, -18, 989
-58, -32, 997
-56, -10, 1002
-56, -10, 1002
-86, -28, 991
-91, -17, 1024
-101, 11, 994
-93, 8, 992
-80, 9, 997
-80, 9, 997
-82, 46, 1002
-83, 61, 1007
-112, 31, 997
-112, 5, 1000
-112, 5, 1000
-74, 4, 1009
-70, 14, 1012
-57, 83, 966
-1, 172, 1016
-1, 172, 1016
6, 86, 1016
45, 108, 993
63, 182, 987
63, 182, 987
65, 183, 987
79, 164, 1021
73, 122, 990
56, 56, 997
56, 56, 997
75, 96, 999
74, 74, 1028
79, 72, 1006
79, 72, 1006
87, 53, 983
95, 49, 985
111, 96, 1010
111, 96, 1010
106, 121, 995
133, 92, 1013
96, 1, 994
106, 0, 997
106, 0, 997
120, 63, 990
140, 82, 1008
123, -28, 1029
123, -28, 1029
124, -30, 971
136, -10, 992
152, -41, 1001
144, -42, 998
156, -72, 998
152, -115, 1007
152, -115, 1007
132, -119, 994
72, -163, 996
86, -147, 1001
71, -150, 980
79, -128, 1027
66, -126, 985
64, -97, 1007
64, -97, 1007
62, -81, 1001
27, -128, 970
9, -142, 1028
30, -96, 983
30, -96, 983
34, -80, 999
21, -84, 990
20, -74, 992
16, -66, 1016
16, -66, 1016
8, -64, 1006
9, -71, 1006
-8, -87, 982
-16, -111, 990
-16, -111, 990
-36, -78, 1005
0, -54, 973
-20, -77, 1028
-37, -94, 971
-61, -93, 1005
-61, -93, 1005
-65, -109, 1009
-49, -67, 995
-59, -52, 999
-55, -58, 996
-67, -65, 990
-92, -80, 998
-92, -80, 998
-97, -53, 994
-70, 9, 1016
-60, 14, 989
-96, -43, 1000
-114, -31, 1000
-114, -31, 1000
-97, -9, 1007
-100, -14, 993
-61, 50, 1003
-38, 44, 1025
-32, 87, 976
-32, 124, 1005
-32, 124, 1005
-65, 94, 995
-99, 19, 997
-87, 83, 1014
-68, 51, 989
-68, 51, 989
-25, 103, 1013
-28, 105, 997
-51, 84, 994
-55, 69, 1004
-18, 83, 994
-18, 83, 994
23, 104, 989
57, 101, 1026
41, 80, 995
41, 80, 995
31, 78, 994
47, 68, 977
59, 34, 1032
59, 34, 1032
68, 55, 961
61, 28, 1003
89, 43, 1018
89, 43, 1018
103, 47, 1000
113, 57, 1002
125, 50, 982
119, 22, 1003
119, 22, 1003
127, 21, 1005
125, -1, 993
114, -20, 993
118, -10, 996
130, 7, 1016
130, 7, 1016
135, 45, 987
128, 44, 1005
102, 11, 998
102, 11, 998
96, -3, 984
83, -7, 1005
106, -11, 993
91, -50, 1008
91, -50, 1008
97, -96, 992
89, -107, 1006
81, -99, 986
79, -93, 1002
79, -93, 1002
82, -78, 1007
69, -109, 979
64, -80, 1001
63, -97, 1009
55, -87, 1004
55, -87, 1004
34, -61, 1015
54, -66, 958
18, -91, 995
45, -70, 995
45, -70, 995
29, -78, 990
34, -63, 995
-29, -104, 1011
-20, -83, 1012
1, -53, 968
1, -53, 968
16, -27, 1009
1, -46, 996
-14, -65, 1003
-14, -65, 1003
-30, -58, 1014
9, -55, 965
0, -53, 1003
-6, -62, 983
-6, -62, 983
-18, -46, 981
-21, -55, 1008
-38, -97, 1000
-28, -78, 1012
-28, -60, 993
-55, -29, 993
-55, -29, 993
-36, -20, 995
-54, -23, 1008
-36, -24, 988
-70, -41, 1008
-85, -61, 980
-85, -61, 980
-98, -41, 1004
-85, -52, 1020
-73, -22, 1003
-58, -20, 984
-76, -17, 997
-64, 6, 997
-64, 6, 997
-76, -28, 1012
-57, 12, 996
-56, 13, 977
-56, 13, 977
-35, 24, 1019
-32, -12, 1014
-49, -13, 979
-43, -3, 1025
-44, 16, 977
-44, 16, 977
-5, 73, 990
-7, 75, 1006
-5, 65, 1018
-5, 65, 1018
-2, 42, 987
-13, 75, 1014
-2, 86, 987
-2, 86, 987
0, 118, 1021
26, 110, 982
33, 99, 1010
33, 99, 1010
22, 101, 1013
11, 100, 1000
12, 54, 990
25, 35, 1004
25, 35, 1004
31, 62, 986
34, 61, 1006
31, 51, 997
31, 51, 997
47, 56, 1014
76, 0, 989
86, 14, 1001
86, 14, 1001
109, 60, 999
121, 70, 985
120, 70, 1021
120, 70, 1021
112, 30, 996
99, 3, 991
97, -3, 1024
97, -3, 1024
99, 17, 972
93, 48, 999
85, 17, 999
85, 17, 999
86, 1, 1009
71, 46, 999
85, -12, 1002
85, -12, 1002
76, -3, 1016
90, 15, 967
64, -25, 1003
54, -47, 1018
54, -47, 1018
58, -59, 984
77, -36, 994
59, -50, 1007
70, -52, 993
70, -52, 993
57, -96, 1009
60, -77, 1005
73, -35, 986
60, -62, 1002
60, -62, 1002
60, -79, 986
36, -93, 1013
52, -66, 998
76, -35, 1000
76, -35, 1000
61, -18, 1003
47, -59, 988
43, -82, 1010
-8, -139, 978
-8, -139, 978
0, -107, 1021
30, -67, 991
27, -52, 1003
26, -59, 1002
17, -79, 992
17, -79, 992
26, -52, 997
33, -35, 998
10, -35, 1006
10, -35, 1006
18, -69, 996
-21, -59, 1000
-14, -76, 991
-4, -89, 1012
-14, -82, 983
-14, -82, 983
-10, -52, 1006
19, -20, 1006
11, -53, 984
-19, -64, 1005
-37, -99, 1001
-34, -82, 1012
-34, -82, 1012
-12, -28, 978
7, 33, 1014
-10, -10, 990
-40, -3, 1012
-54, -43, 999
-54, -43, 999
-52, -38, 988
-41, -14, 1021
-23, 2, 987
-53, -24, 1013
-53, -24, 1013
-60, -35, 996
-56, -29, 1004
-68, -45, 989
-82, -23, 1000
-69, 0, 1018
-41, 16, 978
-41, 16, 978
-36, 52, 1011
-60, -12, 992
-76, 14, 1003
-72, 41, 1017
-72, 41, 1017
-82, -5, 991
-78, 14, 993
-25, 74, 1006
-65, 33, 989
-65, 33, 989
-40, 47, 1018
-30, 67, 997
-10, 39, 989
-11, 56, 1027
-11, 56, 1027
-8, 33, 986
12, 57, 1016
50, 79, 978
50, 79, 978
48, 65, 1001
68, 110, 1014
67, 117, 1001
53, 88, 995
53, 88, 995
62, 94, 1002
61, 76, 1007
38, 50, 991
38, 50, 991
46, 59, 1009
51, 68, 994
51, 68, 994
88, 58, 1012
90, 62, 983
77, 49, 1017
77, 49, 1017
88, 31, 1002
84, 18, 1000
94, 40, 993
94, 40, 993
107, 70, 1002
76, 11, 992
98, 34, 1000
103, 50, 992
103, 50, 992
95, 2, 1010
69, -28, 984
59, -55, 1019
59, -55, 1019
78, -34, 996
87, -24, 1000
84, -16, 982
70, -38, 1012
70, -38, 1012
51, -73, 997
73, -32, 997
77, -32, 989
91, -41, 1002
91, -41, 1002
61, -78, 1008
62, -112, 991
45, -150, 1006
61, -98, 1010
61, -103, 992
61, -103, 992
47, -112, 994
37, -122, 1006
41, -109, 987
52, -65, 1000
49, -43, 991
49, -43, 991
39, -38, 1020
37, -60, 987
13, -63, 1009
40, -42, 1003
40, -42, 1003
43, -22, 986
21, -32, 1013
3, -68, 986
-6, -46, 1015
-6, -46, 1015
0, -68, 992
-10, -63, 1007
5, -29, 992
12, -43, 1018
12, -43, 1018
3, -26, 996
-11, -30, 987
-10, -68, 986
-19, -54, 1004
-19, -54, 1004
-14, -39, 998
-3, -29, 992
-36, -64, 1013
-34, -48, 993
-35, -35, 998
-35, -35, 998
-44, -60, 1006
-48, -64, 995
-46, -54, 997
-35, -31, 1005
-31, -33, 1006
-62, -36, 988
-62, -36, 988
-35, -30, 994
-38, -26, 1000
-51, -39, 1008
-61, -50, 1013
-53, -50, 974
-62, -39, 1016
-62, -39, 1016
-65, -20, 1016
-55, 8, 979
-52, 14, 1003
-45, 52, 1002
-52, 51, 1011
-52, 51, 1011
-46, 57, 996
-33, 83, 985
-28, 90, 1003
-27, 88, 1018
-27, 88, 1018
-41, 61, 990
-30, 77, 999
-35, 83, 1009
-30, 57, 1008
-48, 40, 988
-48, 40, 988
-50, 46, 1004
-43, 27, 1015
0, 34, 1000
0, 34, 1000
28, 78, 984
62, 119, 993
68, 92, 1001
68, 92, 1001
82, 85, 1027
88, 42, 1002
87, 86, 975
87, 86, 975
104, 95, 1011
96, 63, 998
111, 36, 992
111, 36, 992
75, 1, 996
60, 8, 1007
69, 36, 991
69, 36, 991
78, -2, 1009
67, -20, 994
68, -41, 996
68, -41, 996
81, 12, 1004
88, 44, 996
81, 15, 992
81, 15, 992
74, -23, 1008
73, -35, 1001
67, -13, 993
64, 7, 1010
64, 7, 1010
72, 10, 988
82, 7, 1000
82, 7, 1000
73, -23, 1009
61, -25, 988
61, -13, 990
61, -13, 990
76, -18, 1008
74, -32, 1001
71, -66, 1011
65, -60, 1003
76, -57, 988
76, -57, 988
59, -50, 983
45, -103, 1017
24, -105, 999
33, -79, 988
33, -79, 988
49, -46, 1010
39, -58, 995
27, -68, 1006
5, -96, 1014
5, -96, 1014
15, -85, 945
24, -45, 1024
48, -43, 1007
61, -2, 980
61, -2, 980
35, -37, 1012
34, -45, 986
16, -63, 1023
16, -63, 1023
34, -60, 992
35, -51, 988
26, -39, 1007
18, -30, 982
18, -30, 982
-1, -61, 1025
1, -49, 992
13, -29, 982
13, -29, 982
-7, -55, 990
-13, -56, 1014
-15, -53, 1001
-29, -59, 993
-16, -48, 1001
-17, -39, 992
-17, -39, 992
-7, -17, 1018
-22, -41, 987
-15, -46, 994
-25, -25, 1008
-24, -33, 1001
-24, -33, 1001
-17, -47, 999
-21, -41, 1002
-32, -52, 988
-29, -39, 998
-30, -27, 994
-36, -32, 1007
-36, -32, 1007
-72, -72, 1009
-61, -48, 992
-38, -27, 1007
-31, 9, 987
-28, 17, 996
-28, 17, 996
-35, 0, 1014
-25, 29, 1009
-31, 16, 984
-51, 2, 998
-51, 2, 998
-45, 22, 1008
-61, -5, 1005
-63, 26, 991
-63, 26, 991
-58, 39, 1005
-65, 24, 1002
-47, 37, 1016
-80, -13, 973
-80, -13, 973
-36, 47, 1024
-82, 37, 1006
-34, 73, 981
-20, 75, 996
-20, 75, 996
22, 66, 1001
10, 84, 1016
16, 131, 970
38, 140, 1029
38, 140, 1029
59, 113, 996
57, 40, 1007
49, 85, 991
25, 38, 991
25, 38, 991
21, 56, 993
56, 38, 1005
56, 38, 1005
78, 37, 992
111, 58, 1011
111, 75, 989
104, 56, 1011
104, 56, 1011
105, 19, 999
96, 1, 998
78, 1, 996
78, 1, 996
77, 25, 981
76, 6, 1012
76, 6, 1012
76, -11, 1004
94, 30, 992
68, 0, 1008
68, 0, 1008
61, 0, 989
48, -17, 1003
43, -28, 997
43, -28, 997
68, -11, 1013
63, -25, 995
65, -50, 1000
48, -35, 1000
48, -35, 1000
73, -35, 988
62, -44, 1025
90, -34, 969
81, -31, 1010
81, -31, 1010
80, -67, 1004
72, -88, 1014
72, -55, 977
91, -45, 999
91, -45, 999
64, -67, 998
61, -83, 1000
72, -58, 999
51, -67, 993
51, -67, 993
61, -34, 1014
56, -33, 987
54, -19, 1018
54, -13, 992
54, -13, 992
28, -58, 999
44, -15, 974
8, -57, 1029
8, -57, 1029
27, -24, 972
17, -40, 1007
7, -64, 1011
4, -88, 974
4, -88, 974
7, -60, 1016
12, -44, 995
12, -45, 987
12, -45, 987
-2, -73, 1006
-8, -65, 1009
-15, -69, 1002
6, -33, 974
6, -33, 974
-10, -43, 1009
-35, -75, 1006
-43, -76, 1005
-21, -26, 979
-26, -39, 1008
-26, -39, 1008
-26, -51, 999
-27, -60, 997
-40, -59, 995
-31, -66, 1003
-25, -43, 1011
-16, -32, 989
-16, -32, 989
-16, -49, 990
-23, -57, 995
-29, -51, 988
-31, -34, 1000
-36, -47, 995
-36, -47, 995
-28, -32, 1020
-30, -31, 994
-29, -27, 997
-36, -27, 1002
-67, -43, 998
-59, -24, 991
-59, -24, 991
-71, -35, 1006
-52, 27, 1006
-54, 45, 986
-57, 70, 1000
-57, 70, 1000
-53, 41, 981
-54, 57, 1024
-57, 68, 1011
-66, 93, 999
-84, 32, 997
-84, 32, 997
-83, 19, 998
-39, 49, 983
-25, 72, 1007
-25, 72, 1007
-39, 63, 1018
-42, -5, 996
13, 73, 991
11, 51, 1009
11, 51, 1009
42, 90, 998
35, 84, 991
55, 82, 996
55, 82, 996
36, 75, 1006
49, 49, 1011
46, 74, 1002
46, 74, 1002
64, 91, 974
54, 34, 1004
45, 4, 1020
45, 4, 1020
50, 66, 980
75, 91, 1014
67, 74, 990
67, 74, 990
95, 63, 1016
81, 43, 985
81, 43, 985
104, 54, 1003
126, 99, 1008
127, 64, 1001
131, 55, 986
131, 55, 986
124, 8, 1011
112, 6, 990
122, 8, 998
122, 8, 998
120, -21, 1000
106, -44, 1008
116, -55, 980
124, -56, 1013
125, -53, 1010
125, -53, 1010
122, -73, 989
82, -107, 996
62, -128, 1002
95, -55, 1000
79, -92, 984
79, -92, 984
76, -63, 1018
58, -96, 982
53, -63, 1005
66, -46, 993
66, -46, 993
34, -81, 991
46, -65, 1002
49, -48, 1015
32, -53, 985
32, -53, 985
12, -68, 1011
4, -79, 986
0, -81, 999
0, -81, 999
0, -63, 1004
8, -36, 984
-18, -59, 1014
0, -70, 989
0, -70, 989
-6, -70, 1003
15, -40, 1010
11, -50, 987
11, -50, 987
-15, -67, 1008
-14, -76, 993
3, -61, 1021
-14, -51, 988
-11, -45, 985
-11, -45, 985
-21, -55, 1002
-45, -77, 992
-45, -69, 999
-23, -54, 996
-32, -38, 1007
-32, -38, 1007
-53, -52, 996
-56, -93, 996
-76, -89, 1024
-61, -76, 982
-11, -23, 1018
-35, -9, 970
-35, -9, 970
-44, -52, 1002
-59, -28, 1009
-65, -35, 996
-66, -15, 1008
-86, -27, 1001
-86, -27, 1001
-68, 2, 999
-50, 46, 1003
-39, 86, 982
-34, 73, 1003
-55, 34, 992
-55, 34, 992
-28, 88, 996
-20, 47, 1016
-50, -4, 994
-50, -4, 994
-36, 42, 999
-7, 74, 1008
-14, 60, 1000
-23, 67, 1002
-23, 67, 1002
-48, 52, 998
-56, 21, 1002
-14, 58, 1010
-22, 43, 979
-22, 43, 979
11, 72, 999
8, 77, 1004
-7, 82, 1007
-7, 82, 1007
12, 64, 975
8, 42, 1015
25, 38, 992
25, 38, 992
24, 33, 1015
36, 25, 982
46, 62, 997
46, 62, 997
63, 72, 1016
78, 51, 993
78, 51, 993
97, 43, 993
106, 36, 1015
120, 26, 991
111, 15, 1001
111, 15, 1001
90, -2, 991
77, 35, 1012
104, 63, 995
104, 63, 995
101, 48, 995
93, 58, 1006
93, 47, 1000
88, 34, 998
88, 34, 998
81, 31, 987
79, 17, 1029
79, 17, 1029
75, 41, 981
82, 3, 987
94, -61, 1009
94, -61, 1009
120, -52, 1012
128, -41, 984
143, -8, 998
116, -69, 995
107, -77, 1020
107, -77, 1020
93, -86, 995
74, -99, 973
56, -121, 1017
48, -118, 996
28, -117, 983
28, -117, 983
46, -52, 992
24, -88, 1003
28, -116, 1007
22, -106, 976
18, -91, 1016
18, -91, 1016
10, -74, 1002
29, -49, 996
11, -73, 987
14, -91, 1017
14, -91, 1017
29, -49, 990
3, -41, 997
-8, -47, 984
-13, -87, 1005
-13, -87, 1005
-19, -100, 987
-26, -81, 987
-28, -54, 1011
-26, -81, 991
-17, -67, 1013
-26, -89, 1002
-26, -89, 1002
-14, -73, 984
-28, -62, 1016
-33, -51, 988
-33, -48, 1006
-28, -50, 993
-45, -51, 995
-45, -51, 995
-63, -58, 1014
-46, -50, 982
-54, 0, 1015
-46, -19, 995
-62, -19, 982
-62, -19, 982
-55, 12, 1005
-53, 0, 998
-39, 32, 1014
-37, 16, 997
-37, 16, 997
-44, 23, 988
-35, 34, 997
-41, 33, 1001
-19, 62, 994
-19, 62, 994
-43, 30, 1016
-68, 25, 987
-51, 29, 1012
-69, 5, 1004
-69, 5, 1004
-72, 15, 998
-41, 29, 996
-30, 32, 993
-30, 32, 993
-1, 56, 1024
6, 86, 978
25, 111, 1007
25, 111, 1007
42, 123, 1000
48, 113, 1006
38, 100, 1014
15, 81, 983
15, 81, 983
25, 71, 984
12, 50, 1025
3, 32, 996
3, 32, 996
41, 101, 1013
39, 61, 987
66, 56, 987
66, 56, 987
69, 12, 1006
95, 76, 1013
69, 5, 999
69, 5, 999
70, -2, 984
85, 4, 1016
85, 4, 1016
101, 42, 990
112, 19, 1010
138, 95, 988
138, 95, 988
135, 53, 998
124, 39, 1003
125, 18, 1000
110, -7, 999
110, -7, 999
120, -17, 1004
109, -20, 1005
92, -28, 994
78, -48, 983
78, -48, 983
83, -24, 1031
90, -30, 994
82, -52, 979
79, -77, 1006
79, -77, 1006
75, -98, 999
66, -99, 1009
71, -68, 975
38, -123, 1010
38, -123, 1010
37, -127, 988
25, -121, 1009
52, -64, 993
31, -70, 996
13, -103, 994
13, -103, 994
26, -61, 1001
11, -76, 995
36, -55, 1002
28, -67, 994
28, -67, 994
19, -64, 1010
14, -59, 986
16, -51, 999
3, -63, 1007
3, -63, 1007
-5, -55, 989
0, -53, 1018
-5, -26, 983
2, -16, 987
2, -16, 987
-20, -33, 998
-46, -67, 996
-50, -63, 1016
-50, -63, 1016
-56, -53, 1009
-55, -66, 985
-81, -74, 994
-54, -38, 998
-49, -36, 1000
-48, -22, 1004
-56, -44, 1016
-56, -44, 1016
-53, -44, 972
-30, -19, 1009
-17, 11, 991
-19, -8, 1008
-33, 0, 1000
-33, 0, 1000
-23, 32, 997
-30, 24, 995
-27, -23, 1010
-38, -14, 991
-38, -14, 991
-37, 6, 997
-42, -9, 1004
-55, -27, 992
-43, -12, 1012
-43, -12, 1012
-36, -9, 1006
-37, 12, 985
-28, 42, 1017
-32, 4, 998
-35, 35, 988
-35, 35, 988
-52, 25, 1017
-41, 57, 987
-63, 30, 1001
-63, 30, 1001
19, 84, 1009
-15, 58, 980
-1, 55, 1020
-7, 78, 988
-7, 78, 988
-3, 86, 1005
3, 86, 999
54, 83, 1004
54, 83, 1004
28, 47, 992
51, 79, 1010
46, 87, 990
46, 87, 990
60, 79, 1006
92, 101, 998
90, 81, 1003
90, 81, 1003
98, 69, 1003
103, 60, 1004
81, 23, 992
81, 23, 992
100, 17, 1000
70, 26, 1000
81, 22, 1008
81, 22, 1008
89, 10, 1007
99, 17, 993
81, 31, 994
81, 31, 994
93, -1, 1008
75, -43, 1003
76, -48, 984
106, -14, 1031
106, -14, 1031
116, 6, 967
92, -43, 1002
90, -69, 986
70, -84, 1013
70, -84, 1013
73, -55, 1005
65, -65, 1014
61, -68, 997
79, -54, 991
79, -54, 991
54, -94, 984
57, -71, 995
60, -63, 1012
62, -55, 986
62, -55, 986
67, -52, 985
42, -78, 1008
15, -100, 1003
23, -87, 999
23, -87, 999
21, -66, 998
35, -42, 981
19, -63, 1026
6, -65, 993
6, -65, 993
17, -65, 992
28, -43, 995
0, -53, 993
0, -53, 993
4, -46, 1022
0, -68, 976
-9, -70, 1004
-9, -70, 1004
-8, -84, 1003
-20, -61, 1002
-9, -68, 997
-15, -70, 994
-15, -70, 994
-15, -84, 1008
-9, -50, 987
0, -34, 997
-20, -10, 1000
-37, -50, 995
-37, -50, 995
-55, -77, 1004
-54, -56, 1010
-30, -7, 991
-46, 5, 989
-46, 5, 989
-47, 1, 1006
-44, 10, 1002
-47, 3, 990
-57, 15, 1007
-57, 15, 1007
-33, 48, 1006
-42, 48, 996
-55, 30, 991
-52, 3, 994
-52, 3, 994
-57, -10, 997
-54, -5, 1001
-58, -12, 1011
-41, 6, 991
-41, 6, 991
-40, -5, 1000
-21, 2, 1020
-57, -35, 973
-57, -35, 973
-37, 19, 1016
-41, 9, 995
-13, 52, 1019
-26, 76, 980
-26, 76, 980
-8, 121, 1019
7, 157, 994
-12, 125, 994
8, 143, 1010
8, 143, 1010
0, 112, 989
18, 110, 1010
25, 90, 985
25, 90, 985
16, 46, 1027
37, 58, 976
75, 74, 1003
75, 74, 1003
75, 61, 999
75, 26, 1006
91, 1, 1006
91, 1, 1006
78, -7, 988
90, 47, 996
90, 47, 996
108, 49, 996
107, 19, 994
100, 19, 1006
111, 22, 996
111, 22, 996
104, 32, 997
106, 52, 1012
120, 22, 987
120, 22, 987
103, -22, 1002
108, -49, 1000
109, -23, 1008
102, -45, 1000
108, -48, 998
116, -55, 990
116, -55, 990
113, -38, 988
83, -89, 1006
80, -75, 995
75, -98, 990
75, -98, 990
40, -143, 1014
43, -119, 993
64, -60, 1000
54, -74, 994
43, -104, 1001
43, -104, 1001
41, -101, 983
17, -101, 1026
29, -54, 990
32, -59, 974
20, -100, 1009
20, -100, 1009
12, -91, 990
3, -65, 997
12, -12, 992
15, -11, 1001
15, -11, 1001
-25, -85, 1005
-27, -116, 1010
-38, -107, 998
-35, -95, 1001
-31, -73, 989
-53, -88, 1014
-26, -92, 995
-26, -92, 995
-33, -83, 993
-23, -30, 999
-13, -2, 998
-68, -54, 988
-68, -54, 988
-80, -44, 992
-81, -31, 1022
-93, -42, 995
-89, -15, 1000
-122, -55, 997
-97, 12, 1004
-97, 12, 1004
-78, 32, 1005
-76, 4, 979
-80, 58, 1008
-60, 32, 1004
-60, 32, 1004
-66, 26, 991
-29, 85, 1015
-27, 74, 986
-50, 59, 1011
-50, 59, 1011
-46, 44, 984
-35, 55, 998
-12, 65, 1006
17, 93, 996
17, 93, 996
21, 67, 1010
22, 65, 988
43, 75, 990
43, 75, 990
57, 57, 1031
49, 68, 983
72, 48, 998
72, 48, 998
78, 19, 987
72, 18, 1029
72, 18, 1029
70, 11, 975
93, 18, 1015
97, 14, 997
97, 14, 997
84, 6, 989
